Run 1/Users/gabrielespinosa/Desktop/lab3_personnel/cmake-build-debug/personnelEnter the initial number of records:7Zach 22 5.8 2/20/1989Maya 21 5.9 8/2/1990Ange 23 5.6 7/3/1987Greg 22 6.2 4/15/1989Matt 24 6.5 6/5/1986Bob 50 8 3/23/1900Frank 100 9 5/4/1923Zach 22 5.8  2/20/1989Maya 21 5.9  8/ 2/1990Ange 23 5.6  7/ 3/1987Greg 22 6.2  4/15/1989Matt 24 6.5  6/ 5/1986Bob 50 8.0  3/23/1900Frank 100 9.0  5/ 4/1923--> Searching database for MayaMaya 21 5.9  8/ 2/1990--> Removing Maya from databaseZach 22 5.8  2/20/1989Ange 23 5.6  7/ 3/1987Greg 22 6.2  4/15/1989Matt 24 6.5  6/ 5/1986Bob 50 8.0  3/23/1900Frank 100 9.0  5/ 4/1923--> Adding new record to databaseAJ 99 88 1/1/1919Zach 22 5.8  2/20/1989Ange 23 5.6  7/ 3/1987Greg 22 6.2  4/15/1989Matt 24 6.5  6/ 5/1986Bob 50 8.0  3/23/1900Frank 100 9.0  5/ 4/1923AJ 99 88.0  1/ 1/1919--> Clearing databaseProcess finished with exit code 0Run 2 with Maya at the end/Users/gabrielespinosa/Desktop/lab3_personnel/cmake-build-debug/personnelEnter the initial number of records:7Ange 23 5.6 7/3/1987Greg 22 6.2 4/15/1989Matt 24 6.5 6/5/1986Bob 50 8 3/23/1900Frank 100 9 5/4/1923Zach 22 5.8 2/20/1989Maya 21 5.9 8/2/1990Ange 23 5.6  7/ 3/1987Greg 22 6.2  4/15/1989Matt 24 6.5  6/ 5/1986Bob 50 8.0  3/23/1900Frank 100 9.0  5/ 4/1923Zach 22 5.8  2/20/1989Maya 21 5.9  8/ 2/1990--> Searching database for MayaMaya 21 5.9  8/ 2/1990--> Removing Maya from databaseAnge 23 5.6  7/ 3/1987Greg 22 6.2  4/15/1989Matt 24 6.5  6/ 5/1986Bob 50 8.0  3/23/1900Frank 100 9.0  5/ 4/1923Zach 22 5.8  2/20/1989--> Adding new record to databaseAJ 99 88 1/1/1919Ange 23 5.6  7/ 3/1987Greg 22 6.2  4/15/1989Matt 24 6.5  6/ 5/1986Bob 50 8.0  3/23/1900Frank 100 9.0  5/ 4/1923Zach 22 5.8  2/20/1989AJ 99 88.0  1/ 1/1919--> Clearing databaseProcess finished with exit code 0